[
  {
    "e00": -0.4603728,
    "e01": -0.07920168,
    "e02": -0.8841855,
    "e03": -13.7506542,
    "e10": 0.0610183626,
    "e11": -0.9964797,
    "e12": 0.0574897267,
    "e13": -13.6855087,
    "e20": -0.8856262,
    "e21": -0.027484905,
    "e22": 0.4635848,
    "e23": -20.05158,
    "e30": 0.0,
    "e31": 0.0,
    "e32": 0.0,
    "e33": 1.0
  },
  {
    "e00": 0.756158,
    "e01": -0.5070413,
    "e02": -0.413683861,
    "e03": 17.7636337,
    "e10": 0.509340346,
    "e11": 0.85292685,
    "e12": -0.114404932,
    "e13": 14.438859,
    "e20": 0.4108501,
    "e21": -0.124197558,
    "e22": 0.903203845,
    "e23": -10.7241745,
    "e30": 0.0,
    "e31": 0.0,
    "e32": 0.0,
    "e33": 1.0
  },
  {
    "e00": -0.002209389,
    "e01": -0.34401083,
    "e02": -0.9389631,
    "e03": 18.6121349,
    "e10": -0.8897295,
    "e11": -0.4279466,
    "e12": 0.158881575,
    "e13": -11.1723957,
    "e20": -0.456482947,
    "e21": 0.8357741,
    "e22": -0.305131,
    "e23": -2.65801072,
    "e30": 0.0,
    "e31": 0.0,
    "e32": 0.0,
    "e33": 1.0
  },
  {
    "e00": -0.3798844,
    "e01": 0.217755452,
    "e02": -0.8990386,
    "e03": 31.1288242,
    "e10": -0.323605359,
    "e11": -0.9417706,
    "e12": -0.0913676247,
    "e13": 8.20321,
    "e20": -0.866584,
    "e21": 0.256224483,
    "e22": 0.428230762,
    "e23": -26.0442486,
    "e30": 0.0,
    "e31": 0.0,
    "e32": 0.0,
    "e33": 1.0
  },
  {
    "e00": -0.2679208,
    "e01": -0.8612591,
    "e02": 0.431799948,
    "e03": -5.748816,
    "e10": -0.89982903,
    "e11": 0.3838464,
    "e12": 0.207291335,
    "e13": 6.7104044,
    "e20": -0.3442765,
    "e21": -0.3330086,
    "e22": -0.8778262,
    "e23": 1.48940885,
    "e30": 0.0,
    "e31": 0.0,
    "e32": 0.0,
    "e33": 1.0
  },
  {
    "e00": -0.120094076,
    "e01": -0.978925645,
    "e02": 0.1651728,
    "e03": -3.131807,
    "e10": -0.841696858,
    "e11": 0.188624114,
    "e12": 0.5059323,
    "e13": -6.52151251,
    "e20": -0.5264257,
    "e21": -0.07826606,
    "e22": -0.8466111,
    "e23": 27.20219,
    "e30": 0.0,
    "e31": 0.0,
    "e32": 0.0,
    "e33": 1.0
  },
  {
    "e00": 0.189416215,
    "e01": -0.192263424,
    "e02": -0.962889552,
    "e03": 8.716779,
    "e10": -0.9818376,
    "e11": -0.04787682,
    "e12": -0.183583841,
    "e13": -25.394125,
    "e20": -0.0108035048,
    "e21": 0.980174839,
    "e22": -0.19783999,
    "e23": 15.5068293,
    "e30": 0.0,
    "e31": 0.0,
    "e32": 0.0,
    "e33": 1.0
  },
  {
    "e00": -0.03858096,
    "e01": -0.9884797,
    "e02": 0.146354511,
    "e03": -5.37713051,
    "e10": -0.7380791,
    "e11": 0.126922473,
    "e12": 0.662668943,
    "e13": -18.1102486,
    "e20": -0.673610449,
    "e21": -0.08245495,
    "e22": -0.7344728,
    "e23": -5.50928354,
    "e30": 0.0,
    "e31": 0.0,
    "e32": 0.0,
    "e33": 1.0
  },
  {
    "e00": 0.5206084,
    "e01": -0.76222223,
    "e02": 0.384687155,
    "e03": 5.90628958,
    "e10": 0.00158529961,
    "e11": 0.4514233,
    "e12": 0.892308652,
    "e13": -32.96395,
    "e20": -0.853794336,
    "e21": -0.463933676,
    "e22": 0.236223072,
    "e23": -21.6512966,
    "e30": 0.0,
    "e31": 0.0,
    "e32": 0.0,
    "e33": 1.0
  },
  {
    "e00": 0.07305832,
    "e01": -0.55347544,
    "e02": -0.829655,
    "e03": 5.31241131,
    "e10": -0.9841704,
    "e11": 0.0946703,
    "e12": -0.149820775,
    "e13": -17.8555622,
    "e20": 0.161465973,
    "e21": 0.827467561,
    "e22": -0.5377976,
    "e23": -5.14366055,
    "e30": 0.0,
    "e31": 0.0,
    "e32": 0.0,
    "e33": 1.0
  },
  {
    "e00": 0.597460449,
    "e01": 0.154146045,
    "e02": -0.786943436,
    "e03": 11.3392029,
    "e10": -0.7405912,
    "e11": 0.482399583,
    "e12": -0.4677768,
    "e13": -11.218461,
    "e20": 0.307515353,
    "e21": 0.8622817,
    "e22": 0.4023739,
    "e23": 32.723053,
    "e30": 0.0,
    "e31": 0.0,
    "e32": 0.0,
    "e33": 1.0
  },
  {
    "e00": 0.06960273,
    "e01": -0.151502728,
    "e02": -0.9860033,
    "e03": 8.644254,
    "e10": -0.936838,
    "e11": -0.349543482,
    "e12": -0.01242356,
    "e13": -10.2178078,
    "e20": -0.3427687,
    "e21": 0.9245899,
    "e22": -0.166262552,
    "e23": 8.924813,
    "e30": 0.0,
    "e31": 0.0,
    "e32": 0.0,
    "e33": 1.0
  },
  {
    "e00": -0.0130518191,
    "e01": -0.6460651,
    "e02": -0.7631708,
    "e03": -1.62423968,
    "e10": -0.9859129,
    "e11": -0.118965536,
    "e12": 0.117571779,
    "e13": -4.836556,
    "e20": -0.166749969,
    "e21": 0.753954351,
    "e22": -0.635411,
    "e23": 2.78367114,
    "e30": 0.0,
    "e31": 0.0,
    "e32": 0.0,
    "e33": 1.0
  },
  {
    "e00": -0.036419332,
    "e01": -0.6735713,
    "e02": -0.738224566,
    "e03": -4.055042,
    "e10": -0.9396088,
    "e11": -0.2284769,
    "e12": 0.254821241,
    "e13": -19.7684917,
    "e20": -0.340307444,
    "e21": 0.7029226,
    "e22": -0.624572337,
    "e23": 9.436145,
    "e30": 0.0,
    "e31": 0.0,
    "e32": 0.0,
    "e33": 1.0
  },
  {
    "e00": 0.254475623,
    "e01": 0.0312309656,
    "e02": -0.9665748,
    "e03": 23.066309,
    "e10": -0.9651622,
    "e11": -0.0547004752,
    "e12": -0.255870968,
    "e13": -31.69094,
    "e20": -0.0608630739,
    "e21": 0.9980144,
    "e22": 0.0162231028,
    "e23": -19.5868759,
    "e30": 0.0,
    "e31": 0.0,
    "e32": 0.0,
    "e33": 1.0
  },
  {
    "e00": 0.5412258,
    "e01": -0.147748545,
    "e02": -0.827795267,
    "e03": 13.3956537,
    "e10": -0.616544962,
    "e11": 0.5996893,
    "e12": -0.5101421,
    "e13": 0.170770526,
    "e20": 0.5717929,
    "e21": 0.7864752,
    "e22": 0.233473688,
    "e23": 6.38448429,
    "e30": 0.0,
    "e31": 0.0,
    "e32": 0.0,
    "e33": 1.0
  },
  {
    "e00": 0.71919775,
    "e01": -0.06606516,
    "e02": -0.6916574,
    "e03": 27.854681,
    "e10": -0.0660651252,
    "e11": 0.984456658,
    "e12": -0.16272822,
    "e13": 14.6868334,
    "e20": 0.691657543,
    "e21": 0.162728265,
    "e22": 0.703654349,
    "e23": -15.9917278,
    "e30": 0.0,
    "e31": 0.0,
    "e32": 0.0,
    "e33": 1.0
  }
]